              precision    recall  f1-score   support

          财经     0.9769    0.8460    0.9068       500
          房产     0.0000    0.0000    0.0000         0
          股票     0.0000    0.0000    0.0000         0
          教育     0.9793    0.9000    0.9380      1000
          科技     0.0000    0.0000    0.0000         0
          社会     0.0000    0.0000    0.0000         0
          时政     0.0000    0.0000    0.0000         0
          体育     0.0000    0.0000    0.0000         0
          游戏     0.0000    0.0000    0.0000         0
          娱乐     0.9893    0.7410    0.8473      1000

    accuracy                         0.8256      2500
   macro avg     0.2946    0.2487    0.2692      2500
weighted avg     0.9828    0.8256    0.8955      2500
