              precision    recall  f1-score   support

          财经     0.9679    0.8440    0.9017       500
          房产     0.0000    0.0000    0.0000         0
          股票     0.0000    0.0000    0.0000         0
          教育     0.9692    0.9140    0.9408      1000
          科技     0.0000    0.0000    0.0000         0
          社会     0.0000    0.0000    0.0000         0
          时政     0.0000    0.0000    0.0000         0
          体育     0.0000    0.0000    0.0000         0
          游戏     0.0000    0.0000    0.0000         0
          娱乐     0.9812    0.7840    0.8716      1000

    accuracy                         0.8480      2500
   macro avg     0.2918    0.2542    0.2714      2500
weighted avg     0.9738    0.8480    0.9053      2500
